cam0:
  cam_overlaps: [1]
  camera_model: pinhole
  distortion_coeffs: [-0.21600279714574364, 0.0916845809666243, 0.00026304634502239126, -0.0010263792903528297]
  distortion_model: radtan
  intrinsics: [856.6745650105413, 855.9701915960269, 648.3744117502828, 531.7012993553176]
  resolution: [1280, 1024]
  rostopic: /left_camera/image_raw
cam1:
  T_cn_cnm1:
  - [0.9998700539166581, 0.0008723371740343027, 0.016097027941471127, -0.14634816027925934]
  - [-0.0008556101621237267, 0.9999990869132258, -0.0010459942445087567, -0.00011421756938089811]
  - [-0.016097925703151165, 0.0010320855409667751, 0.9998698873290897, -0.003975257088378101]
  - [0.0, 0.0, 0.0, 1.0]
  cam_overlaps: [0]
  camera_model: pinhole
  distortion_coeffs: [-0.35297306667998285, 0.1393213288049193, -0.0006347454082266885, 6.445552528741295e-05]
  distortion_model: radtan
  intrinsics: [697.4373599059694, 697.2432225104347, 630.6112434027007, 501.82964716167305]
  resolution: [1280, 1024]
  rostopic: /right_camera/image_raw
